202441071847             
202441071776             
202441071719             
202441071712             
202441071499             
202441071492             
202441071476             
202441071472             
202431071408             
202431071040             
202441070816             
202441070785             
202431070713             
202441070711             
202431070674             
202441070372             
202441070330             
202441070273             
202441070268             
202441070269             
202441070270             
202441070250             
202441070251             
202441070226             
202441070222             
202441070221             
202441070219             
202441070153             
202441070152             
202441070159             
202441070154             
202441070158             
202441070156             
202441070131             
202441070100             
202441070174             
202441070091             
202411070085             
202441070084             
202441070076             
202441070068             
202441070058             
202441070054             
202441070053             
202441070049             
202441070048             
202441070045             
202441070039             
202441070038             
202441070037             
202441070036             
202441070035             
202441070034             
202441070029             
202441070023             
202431070019             
202441070021             
202441069990             
202441069983             
202441069968             
202441069958             
202441069959             
202441069960             
202441069961             
202431069955             
202441069939             
202441069928             
202441069927             
202441069915             
202441069886             
202441069876             
202441069870             
202431069866             
202441069865             
202441069849             
202441069850             
202441069823             
202441069819             
202441069810             
202441069806             
202441069804             
202441069789             
202441069783             
202441069781             
202441069772             
202441069771             
202441069737             
202441069736             
202441069735             
202441069731             
202441069729             
202441069726             
202441069725             
202441069722             
202441069721             
202441069720             
202441069719             
202441069718             
202441069717             
202441069715             
202441069714             
202441069713             
202441069712             
202441069711             
202441069707             
202431069705             
202441069704             
202431069702             
202441069701             
202431069697             
202441069708             
202441069693             
202441069691             
202444069685             
202441069678             
202441069679             
202431069858             
202441069666             
202431069659             
202441069646             
202441069631             
202441069630             
202431069628             
202431069629             
202441069625             
202441069622             
202441069620             
202441069618             
202441069615             
202441069614             
202441069611             
202441069610             
202441069606             
202441069605             
202441069603             
202441069588             
202441069589             
202441069590             
202441069591             
202441069585             
202441069586             
202441069587             
202441069584             
202431069572             
202441069570             
202441069568             
202441069566             
202441069567             
202441069563             
202431069561             
202433069559             
202441069558             
202431069547             
202431069542             
202441069503             
202441069504             
202441069505             
202441069467             
202441069433             
202431069395             
202441069368             
202441069359             
202441069357             
202441069350             
202441069345             
202441069346             
202441069344             
202441069324             
202441069329             
202441069325             
202441069326             
202441069327             
202441069328             
202441069320             
202441069321             
202441069322             
202441069323             
202441069276             
202441069274             
202441069269             
202441069245             
202441069244             
202441069243             
202441069242             
202441069241             
202441069227             
202441069218             
202441069217             
202441069216             
202441069212             
202441069205             
202431069201             
202441069200             
202441069199             
202441069197             
202441069195             
202441069207             
202441069189             
202431069204             
202441069187             
202431069203             
202431069183             
202431069182             
202441069146             
202441069144             
202441069141             
202441069131             
202441069133             
202441069132             
202441069120             
202441069121             
202431069119             
202431069116             
202441069105             
202441069106             
202441069107             
202441069108             
202441069094             
202441069082             
202441069046             
202421069045             
202441069008             
202441069005             
202441069003             
202441069002             
202441068990             
202441068988             
202441068973             
202441068971             
202441068959             
202441068956             
202441068955             
202441068949             
202441068947             
202411068946             
202431068945             
202441068943             
202441068936             
202444068934             
202441068932             
202441068925             
202421068997             
202441068922             
202441068920             
202441068919             
202441068918             
202441068917             
202441068916             
202441068914             
202441068913             
202441068909             
202441068908             
202431068906             
202441068904             
202441068879             
202441068878             
202441068876             
202441068871             
202431068865             
202441068923             
202441068842             
202441068840             
202431068827             
202441068823             
202441068824             
202441068808             
202441068790             
202441068796             
202441068797             
202441068791             
202441068792             
202441068793             
202441068794             
202441068799             
202441068798             
202441068795             
202441068787             
202441068788             
202441068780             
202441068776             
202421068756             
202441068712             
202431068691             
202441068688             
202441068674             
202441068671             
202441068623             
202441068630             
202441068631             
202441068632             
202441068628             
202441068629             
202441068624             
202441068625             
202441068626             
202441068627             
202431068615             
202441068604             
202441068588             
202441068544             
202441068541             
202441068531             
202441068502             
202441068484             
202441068485             
202441068488             
202441068486             
202441068487             
202441068483             
202421068479             
202441068478             
202431068468             
202431068469             
202441068467             
202431068464             
202441068463             
202431068453             
202441068448             
202441068447             
202441068445             
202441068443             
202441068440             
202411068435             
202441068434             
202441068431             
202441068428             
202441068427             
202411068425             
202411068424             
202431068422             
202411068421             
202411068419             
202441068420             
202411068418             
202411068417             
202411068416             
202441068415             
202411068414             
202431068413             
202411068403             
202441068402             
202441068390             
202431068384             
202411068385             
202441068382             
202431068364             
202441068361             
202411068359             
202441068355             
202441068356             
202441068357             
202441068358             
202441068352             
202441068339             
202441068340             
202441068341             
202441068334             
202441068335             
202441068328             
202441068330             
202441068333             
202441068329             
202441068331             
202441068332             
202441068326             
202441068327             
202441068320             
202441068299             
202441068298             
202441068297             
202441068294             
202411068280             
202411068281             
202411068282             
202411068283             
202411068284             
202411068285             
202411068276             
202411068277             
202411068278             
202411068279             
202441068275             
202441068274             
202441068272             
202441068270             
202441068262             
202441068263             
202441068264             
202441068267             
202441068265             
202441068266             
202441068268             
202441068269             
202441068261             
202441068249             
202441068250             
202441068257             
202441068258             
202441068252             
202441068253             
202441068249             
202441068250             
202441068257             
202441068258             
202431068245             
202441068241             
202431068238             
202441068236             
202441068233             
202441068232             
202441068230             
202431068186             
202441068184             
202441068174             
202441068171             
202441068164             
202441068156             
202441068158             
202411068151             
202441068146             
202441068143             
202441068141             
202441068142             
202441068137             
202441068135             
202441068134             
202441068131             
202441068129             
202441068126             
202441068124             
202441068123             
202411068122             
202441068113             
202441068111             
202441068106             
202441068105             
202441068104             
202441068103             
202441068095             
202411068094             
202441068091             
202441068092             
202441068090             
202441068089             
202441068086             
202441068084             
202441068083             
202441068082             
202441068080             
202441068079             
202431068073             
202441068072             
202411068061             
202411068062             
202441068046             
202411068035             
202441068030             
202411068026             
202441068025             
202431068020             
202441068019             
202411068015             
202431068014             
202411067987             
202441067975             
202411067968             
202411067970             
202441067957             
202431067948             
202441067946             
202441067920             
202441067919             
202441067913             
202411067903             
202411067904             
202411067905             
202411067906             
202441067901             
202411067900             
202441067899             
202441067894             
202441067893             
202441067889             
202441067882             
202441067872             
202441067871             
202411067850             
202441067848             
202441067846             
202441067845             
202441067843             
202441067842             
202411067839             
202441067835             
202441067827             
202442067826             
202441067822             
202411067820             
202441067812             
202441067813             
202441067815             
202441067814             
202441067816             
202441067817             
202441067810             
202411067798             
202411067799             
202411067800             
202411067803             
202411067804             
202411067805             
202411067801             
202411067802             
202411067806             
202441067797             
202441067796             
202441067792             
202441067793             
202441067794             
202441067795             
202441067791             
202441067790             
202411067786             
202411067785             
202441067782             
202441067783             
202441067778             
202411067777             
202441067776             
202411067775             
202431067773             
202411067768             
202431067767             
202441067766             
202431067764             
202431067760             
202411067759             
202441067757             
202431067756             
202411067751             
202411067752             
202411067753             
202411067754             
202411067755             
202441067748             
202441067743             
202441067735             
202441067730             
202431067729             
202441067728             
202441067722             
202411067721             
202441067720             
202441067719             
202441067718             
202411067723             
202411067715             
202431067713             
202441067711             
202411067706             
202441067716             
202431067695             
202441067685             
202411067659             
202441067646             
202441067645             
202441067697             
202441067699             
202441067700             
202441067634             
202441067617             
202441067615             
202441067613             
202441067611             
202441067724             
202411067962             
202411067963             
202441067609             
202441067595             
202441067587             
202441067554             
202441067555             
202441067561             
202441067562             
202441067560             
202441067563             
202441067556             
202441067559             
202441067557             
202441067558             
202441067564             
202441067553             
202441067552             
202441067550             
202441067548             
202434067547             
202441067545             
202441067544             
202441067546             
202441067537             
202411067511             
202441067508             
202441067500             
202441067499             
202441067497             
202441067496             
202411067493             
202441067489             
202411067486             
202441067480             
202441067476             
202441067475             
202441067460             
202411067459             
202411067438             
202441067434             
202441067432             
202441067431             
202441067430             
202411067429             
202411067425             
202411067426             
202411067427             
202411067418             
202411067419             
202411067424             
202411067420             
202411067421             
202411067422             
202411067423             
202411067417             
202411067405             
202411067403             
202441067398             
202441067394             
202411067393             
202441067389             
202441067388             
202441067385             
202431067384             
202431067379             
202431067376             
202441067358             
202441067354             
202441067355             
202441067351             
202441067338             
202441067327             
202431067317             
202441067286             
202441067278             
202441067279             
202441067277             
202441067274             
202441067275             
202441067276             
202441067271             
202441067272             
202441067273             
202431067265             
202441067260             
202441067258             
202441067255             
202441067257             
202441067256             
202421067246             
202441067241             
202441067240             
202441067225             
202441067216             
202441067214             
202441067213             
202441067211             
202431067209             
202441067206             
202441067205             
202441067204             
202441067203             
202441067200             
202441067182             
202441067178             
202441067177             
202421067176             
202441067175             
202441067174             
202441067170             
202441067166             
202441067165             
202431067164             
202441067162             
202441067161             
202441067160             
202441067156             
202441067155             
202441067154             
202441067150             
202441067152             
202441067141             
202441067139             
202441067137             
202441067135             
202411067123             
202411067121             
202441067119             
202443067114             
202441067087             
202411067082             
202411067080             
202411067079             
202441067077             
202441067075             
202411067055             
202411067056             
202411067057             
202411067052             
202411067053             
202411067054             
202411067058             
202411067059             
202411067060             
202411067061             
202411067047             
202411067042             
202411067051             
202411067043             
202411067044             
202411067045             
202411067046             
202411067048             
202411067049             
202411067050             
202441067040             
202431067036             
202431067033             
202441067028             
202431067027             
202441067023             
202441067025             
202441067024             
202441067020             
202411067017             
202411066991             
202441066966             
202411066963             
202411066964             
202411066961             
202411066962             
202411066965             
202411066960             
202411066956             
202411066958             
202411066959             
202411066956             
202411066954             
202441066950             
202431066949             
202411066946             
202411066947             
202411066948             
202411066945             
202411066944             
202441066941             
202441066942             
202441066943             
202441066940             
202411066934             
202411066935             
202411066936             
202411066937             
202411066938             
202431066933             
202411066926             
202441066919             
202441066920             
202441066921             
202411066915             
202411066910             
202441066906             
202441066907             
202441066905             
202411066870             
202441066866             
202441066867             
202441066863             
202441066864             
202441066865             
202411066861             
202441066855             
202441066856             
202441066857             
202441066828             
202441066827             
202441066825             
202441066824             
202441066877             
202441066803             
202411066799             
202411066796             
202411066797             
202411066798             
202411066800             
202411066801             
202441066792             
202441066784             
202441066783             
202441066814             
202441066772             
202441066771             
202431066770             
202441066768             
202411066766             
202411066762             
202411066759             
202411066760             
202411066765             
202411066757             
202411066764             
202411066763             
202411066761             
202411066758             
202441066753             
202441066751             
202441066752             
202441066750             
202441066749             
202441066744             
202411066738             
202411066734             
202441066733             
202411066727             
202431066726             
202431066719             
202441066728             
202411066716             
202441066681             
202441066677             
202411066673             
202411066671             
202411066672             
202441066659             
202441066660             
202441066661             
202441066662             
202441066663             
202441066656             
202441066655             
202441066652             
202441066650             
202441066651             
202441066639             
202411066623             
202421066610             
202421066602             
202421066597             
202421066589             
202411066588             
202441066587             
202421066584             
202421066567             
202441066564             
202441066559             
202441066558             
202441066536             
202441066537             
202441066534             
202441066535             
202411066552             
202411066524             
202441066523             
202441066513             
202441066511             
202421066505             
202441066516             
202421066501             
202441066500             
202441066498             
202421066497             
202421066489             
202421066488             
202441066485             
202441066484             
202411066477             
202441066469             
202411066468             
202411066464             
202411066465             
202411066463             
202411066466             
202411066461             
202411066462             
202411066467             
202441066460             
202411066452             
202411066453             
202411066454             
202411066455             
202411066456             
202411066457             
202411066445             
202411066446             
202411066451             
202411066448             
202411066449             
202411066450             
202411066447             
202411066458             
202411066459             
202411066427             
202441066426             
202441066425             
202441066422             
202441066418             
202441066407             
202431066406             
202441066385             
202441066379             
202441066380             
202411066443             
202411066444             
202411066356             
202411066363             
202411066369             
202411066370             
202411066357             
202411066358             
202411066362             
202411066364             
202411066365             
202411066366             
202411066367             
202411066368             
202411066361             
202411066359             
202411066360             
202441066351             
202411066348             
202411066345             
202411066333             
202411066334             
202411066335             
202411066346             
202411066347             
202411066339             
202411066340             
202411066341             
202411066342             
202411066343             
202411066344             
202411066336             
202411066337             
202411066338             
202441066355             
202441066352             
202441066353             
202441066330             
202411066323             
202411066325             
202411066311             
202411066312             
202411066324             
202411066321             
202411066322             
202411066320             
202411066315             
202411066316             
202411066314             
202411066317             
202411066318             
202411066319             
202411066313             
202411066310             
202431066304             
202411066474             
202411066288             
202441066282             
202441066278             
202411066273             
202441066473             
202411066266             
202411066267             
202411066268             
202411066264             
202411066265             
202441066256             
202411066262             
202431066259             
202431066260             
202431066261             
202441066254             
202421066253             
202441066252             
202441066251             
202441066249             
202441066248             
202421066244             
202443066241             
202441066237             
202441066236             
202441066233             
202441066232             
202441066229             
202441066227             
202441066215             
202441066214             
202441066207             
202411066205             
202411066192             
202441066191             
202441066184             
202441066182             
202441066180             
202441066179             
202441066177             
202441066170             
202441066169             
202441066161             
202411066148             
202441066145             
202441066163             
202441066144             
202421066141             
202411066138             
202411066140             
202411066139             
202411066137             
202411066130             
202441066128             
202441066126             
202417066135             
202417066136             
202441066122             
202441066121             
202441066120             
202441066118             
202411066117             
202411066116             
202411066115             
202441066114             
202441066113             
202441066112             
202441066111             
202441066110             
202431066109             
202431066107             
202441066106             
202431066101             
202441066100             
202441066095             
202441066093             
